%YAML 1.0yaml
---
height: 1080
width: 1920

K: !!opencv-matrix
   rows: 3
   cols: 3
   dt: f
   data: [1039.28051,    0.     , 1011.23807,
            0.     , 1036.10086,  673.6741 ,
            0.     ,    0.     ,    1.     ]
           
D: !!opencv-matrix
   rows: 1
   cols: 5
   dt: f
   data: [-0.330569, 0.098380, -0.000205, -0.000567, 0.000000]
   
Lidar2Camera: !!opencv-matrix
   rows: 4
   cols: 4
   dt: d
   data: [-0.0087, -0.9998, 0.0175, -0.0649, 
          -0.0351, -0.0171, -0.9992, -0.1798, 
           0.9993, -0.0093, -0.0349, -0.214, 
           0.0, 0.0, 0.0, 1.0]
           
Base2Lidar: !!opencv-matrix
   rows: 4
   cols: 4
   dt: d
   data: [0.99875,   0.0499792, 0, -1.24444,
         -0.0499792, 0.99875,   0,  0.0422491,
          0,         0,         1, -1.51,
          0,         0,         0,  1]
